
0.00000E+0	4.48000E+0	1.21290E+1
1.00000E-2	4.48500E+0	1.21550E+1
2.00000E-2	4.49000E+0	1.21860E+1
3.00000E-2	4.49500E+0	1.22400E+1
4.00000E-2	4.50200E+0	1.22820E+1
5.00000E-2	4.50500E+0	1.22990E+1
6.00000E-2	4.50900E+0	1.23540E+1
7.00000E-2	4.51400E+0	1.23900E+1
8.00000E-2	4.52100E+0	1.24200E+1
9.00000E-2	4.52500E+0	1.24620E+1
1.00000E-1	4.53000E+0	1.25040E+1
1.10000E-1	4.53600E+0	1.25410E+1
1.20000E-1	4.54100E+0	1.25840E+1
1.30000E-1	4.54900E+0	1.26380E+1
1.40000E-1	4.55400E+0	1.26820E+1
1.50000E-1	4.56100E+0	1.27200E+1
1.60000E-1	4.56700E+0	1.27710E+1
1.70000E-1	4.57500E+0	1.28230E+1
1.80000E-1	4.58200E+0	1.28860E+1
1.90000E-1	4.58600E+0	1.29280E+1
2.00000E-1	4.59800E+0	1.29900E+1
2.10000E-1	4.60400E+0	1.30470E+1
2.20000E-1	4.61100E+0	1.30970E+1
2.30000E-1	4.61700E+0	1.31670E+1
2.40000E-1	4.62500E+0	1.32110E+1
2.50000E-1	4.63400E+0	1.32800E+1
2.60000E-1	4.64400E+0	1.33380E+1
2.70000E-1	4.65200E+0	1.34210E+1
2.80000E-1	4.66100E+0	1.34870E+1
2.90000E-1	4.67000E+0	1.35630E+1
3.00000E-1	4.67800E+0	1.36370E+1
3.10000E-1	4.68800E+0	1.37310E+1
3.20000E-1	4.69800E+0	1.37860E+1
3.30000E-1	4.70900E+0	1.38810E+1
3.40000E-1	4.71800E+0	1.39690E+1
3.50000E-1	4.73000E+0	1.40560E+1
3.60000E-1	4.74300E+0	1.41690E+1
3.70000E-1	4.75200E+0	1.42550E+1
3.80000E-1	4.76400E+0	1.43600E+1
3.90000E-1	4.77400E+0	1.44740E+1
4.00000E-1	4.78900E+0	1.45720E+1
4.10000E-1	4.79800E+0	1.47040E+1
4.20000E-1	4.81600E+0	1.48080E+1
4.30000E-1	4.82800E+0	1.49450E+1
4.40000E-1	4.84300E+0	1.50680E+1
4.50000E-1	4.86200E+0	1.51800E+1
4.60000E-1	4.87500E+0	1.53340E+1
4.70000E-1	4.89000E+0	1.54980E+1
4.80000E-1	4.89700E+0	1.56590E+1
4.90000E-1	4.90600E+0	1.58490E+1
5.00000E-1	4.91800E+0	1.60550E+1
5.10000E-1	4.92300E+0	1.62650E+1
5.20000E-1	4.92100E+0	1.65120E+1
5.30000E-1	4.92600E+0	1.67620E+1
5.40000E-1	4.92600E+0	1.70290E+1
5.50000E-1	4.92600E+0	1.73110E+1
5.60000E-1	4.91300E+0	1.76290E+1
5.70000E-1	4.90100E+0	1.79880E+1
5.80000E-1	4.88800E+0	1.83950E+1
5.90000E-1	4.86200E+0	1.88190E+1
6.00000E-1	4.82500E+0	1.93030E+1
6.10000E-1	4.77000E+0	1.98320E+1
6.20000E-1	4.72700E+0	2.03680E+1
6.30000E-1	4.66100E+0	2.04700E+1
6.40000E-1	4.58300E+0	2.04700E+1
6.50000E-1	4.48600E+0	2.04700E+1
6.60000E-1	4.38400E+0	2.04700E+1
6.70000E-1	4.26700E+0	2.04700E+1
6.80000E-1	4.13400E+0	2.04700E+1
6.90000E-1	3.98400E+0	2.04700E+1
7.00000E-1	3.84600E+0	2.04700E+1
7.10000E-1	3.68500E+0	2.04700E+1
7.20000E-1	3.50700E+0	2.04700E+1
7.30000E-1	3.34400E+0	2.04700E+1
7.40000E-1	3.17900E+0	2.04700E+1
7.50000E-1	3.01800E+0	2.04700E+1
7.60000E-1	2.85500E+0	2.04700E+1
7.70000E-1	2.70200E+0	2.04700E+1
7.80000E-1	2.55500E+0	2.04700E+1
7.90000E-1	2.41400E+0	2.04700E+1
8.00000E-1	2.27500E+0	2.04700E+1
8.10000E-1	2.15700E+0	2.04700E+1
8.20000E-1	2.04700E+0	2.04700E+1
8.30000E-1	1.94800E+0	2.04700E+1
8.40000E-1	1.85700E+0	2.04700E+1
8.50000E-1	1.77800E+0	2.04700E+1
8.60000E-1	1.70400E+0	2.04700E+1
8.70000E-1	1.63300E+0	2.04700E+1
8.80000E-1	1.57100E+0	2.04700E+1
8.90000E-1	1.51700E+0	2.04700E+1
9.00000E-1	1.46700E+0	2.04700E+1
9.10000E-1	1.42100E+0	2.04700E+1
9.20000E-1	1.37600E+0	2.04700E+1
9.30000E-1	1.33500E+0	2.04700E+1
9.40000E-1	1.29100E+0	2.04700E+1
9.50000E-1	1.25400E+0	2.04700E+1
9.60000E-1	1.22300E+0	2.04700E+1
9.70000E-1	1.18800E+0	2.04700E+1
9.80000E-1	1.15500E+0	2.04700E+1
9.90000E-1	1.12700E+0	2.04700E+1
1.00000E+0	1.09300E+0	2.04700E+1
1.01000E+0	1.06500E+0	2.04700E+1
1.02000E+0	1.03200E+0	2.04700E+1
1.03000E+0	1.00100E+0	2.04700E+1
1.04000E+0	9.75000E-1	2.04700E+1
1.05000E+0	9.48000E-1	2.04700E+1
1.06000E+0	9.18000E-1	2.04700E+1
1.07000E+0	8.87000E-1	2.04700E+1
1.08000E+0	8.61000E-1	2.04700E+1
1.09000E+0	8.30000E-1	2.04700E+1
1.10000E+0	7.96000E-1	2.04700E+1
1.11000E+0	7.65000E-1	2.04700E+1
1.12000E+0	7.31000E-1	2.04700E+1
1.13000E+0	6.95000E-1	2.04700E+1
1.14000E+0	6.58000E-1	2.04700E+1
1.15000E+0	6.17000E-1	2.04700E+1
1.16000E+0	5.69000E-1	2.04700E+1
1.17000E+0	5.24000E-1	2.04700E+1
1.18000E+0	4.72000E-1	2.04700E+1
1.19000E+0	4.17000E-1	2.04700E+1
1.20000E+0	3.58000E-1	2.04700E+1
1.21000E+0	2.91000E-1	2.04700E+1
1.22000E+0	2.21000E-1	2.04700E+1
1.23000E+0	1.53000E-1	2.04700E+1
1.24000E+0	6.20000E-2	2.04700E+1
1.25000E+0	-2.80000E-2	2.04700E+1
1.26000E+0	-1.19000E-1	2.04700E+1
1.27000E+0	-2.23000E-1	2.04700E+1
1.28000E+0	-3.42000E-1	2.04700E+1
1.29000E+0	-4.67000E-1	2.04700E+1
1.30000E+0	-6.04000E-1	2.04700E+1
1.31000E+0	-7.82000E-1	2.04700E+1
1.32000E+0	-9.62000E-1	2.04700E+1
1.33000E+0	-1.17900E+0	2.04700E+1
1.34000E+0	-1.43300E+0	2.04700E+1
1.35000E+0	-1.73100E+0	2.04700E+1
1.36000E+0	-2.08600E+0	2.04700E+1
1.37000E+0	-2.53600E+0	2.04700E+1
1.38000E+0	-3.13600E+0	2.04700E+1
1.39000E+0	-4.09200E+0	2.04700E+1
1.40000E+0	-5.17300E+0	2.04700E+1
1.41000E+0	-6.33800E+0	2.04700E+1
1.42000E+0	-7.51900E+0	2.04700E+1
1.43000E+0	-8.86000E+0	2.04700E+1
1.44000E+0	-1.03720E+1	2.04700E+1
1.45000E+0	-1.21220E+1	2.04700E+1
1.46000E+0	-1.44370E+1	2.04700E+1
1.47000E+0	-1.69600E+1	2.04700E+1
1.48000E+0	-1.97040E+1	2.04700E+1
1.49000E+0	-2.04800E+1	2.04700E+1
1.50000E+0	-2.04800E+1	2.04700E+1
