
-3.00000E+0	2.77600E-1	1.70060E+0
-2.99000E+0	2.76700E-1	1.62990E+0
-2.98000E+0	2.77200E-1	1.65350E+0
-2.97000E+0	2.77200E-1	1.66930E+0
-2.96000E+0	2.76900E-1	1.66190E+0
-2.95000E+0	2.76900E-1	1.64300E+0
-2.94000E+0	2.76100E-1	1.62370E+0
-2.93000E+0	2.75800E-1	1.61660E+0
-2.92000E+0	2.76000E-1	1.58920E+0
-2.91000E+0	2.75600E-1	1.57030E+0
-2.90000E+0	2.75500E-1	1.56200E+0
-2.89000E+0	2.75600E-1	1.56000E+0
-2.88000E+0	2.75900E-1	1.55280E+0
-2.87000E+0	2.75800E-1	1.52540E+0
-2.86000E+0	2.75200E-1	1.51420E+0
-2.85000E+0	2.75900E-1	1.51430E+0
-2.84000E+0	2.76000E-1	1.52390E+0
-2.83000E+0	2.75200E-1	1.49110E+0
-2.82000E+0	2.75600E-1	1.50780E+0
-2.81000E+0	2.75000E-1	1.47460E+0
-2.80000E+0	2.75300E-1	1.48220E+0
-2.79000E+0	2.75000E-1	1.48270E+0
-2.78000E+0	2.74900E-1	1.48020E+0
-2.77000E+0	2.75100E-1	1.49230E+0
-2.76000E+0	2.75300E-1	1.47960E+0
-2.75000E+0	2.75300E-1	1.47410E+0
-2.74000E+0	2.74700E-1	1.45430E+0
-2.73000E+0	2.74900E-1	1.42570E+0
-2.72000E+0	2.74600E-1	1.42200E+0
-2.71000E+0	2.74900E-1	1.43240E+0
-2.70000E+0	2.74600E-1	1.43100E+0
-2.69000E+0	2.75000E-1	1.42680E+0
-2.68000E+0	2.74400E-1	1.41410E+0
-2.67000E+0	2.74900E-1	1.40380E+0
-2.66000E+0	2.74100E-1	1.38050E+0
-2.65000E+0	2.74700E-1	1.38060E+0
-2.64000E+0	2.74100E-1	1.36290E+0
-2.63000E+0	2.73900E-1	1.34760E+0
-2.62000E+0	2.74400E-1	1.36090E+0
-2.61000E+0	2.74400E-1	1.33650E+0
-2.60000E+0	2.74500E-1	1.32200E+0
-2.59000E+0	2.74700E-1	1.31700E+0
-2.58000E+0	2.74300E-1	1.30980E+0
-2.57000E+0	2.73800E-1	1.29280E+0
-2.56000E+0	2.74200E-1	1.30320E+0
-2.55000E+0	2.74200E-1	1.29850E+0
-2.54000E+0	2.74000E-1	1.30970E+0
-2.53000E+0	2.74200E-1	1.30500E+0
-2.52000E+0	2.73800E-1	1.28470E+0
-2.51000E+0	2.73800E-1	1.27770E+0
-2.50000E+0	2.73400E-1	1.25930E+0
-2.49000E+0	2.73600E-1	1.25620E+0
-2.48000E+0	2.72700E-1	1.23960E+0
-2.47000E+0	2.73500E-1	1.23540E+0
-2.46000E+0	2.72800E-1	1.22070E+0
-2.45000E+0	2.73000E-1	1.22530E+0
-2.44000E+0	2.72900E-1	1.21990E+0
-2.43000E+0	2.73000E-1	1.20410E+0
-2.42000E+0	2.72500E-1	1.19980E+0
-2.41000E+0	2.72900E-1	1.18060E+0
-2.40000E+0	2.72600E-1	1.17920E+0
-2.39000E+0	2.72600E-1	1.17010E+0
-2.38000E+0	2.72400E-1	1.16940E+0
-2.37000E+0	2.72200E-1	1.15150E+0
-2.36000E+0	2.73100E-1	1.12630E+0
-2.35000E+0	2.72700E-1	1.12280E+0
-2.34000E+0	2.72500E-1	1.09820E+0
-2.33000E+0	2.72600E-1	1.09800E+0
-2.32000E+0	2.72600E-1	1.10570E+0
-2.31000E+0	2.73400E-1	1.09870E+0
-2.30000E+0	2.73300E-1	1.07190E+0
-2.29000E+0	2.73600E-1	1.05500E+0
-2.28000E+0	2.73100E-1	1.04090E+0
-2.27000E+0	2.72500E-1	1.03980E+0
-2.26000E+0	2.72400E-1	1.05120E+0
-2.25000E+0	2.71200E-1	1.04640E+0
-2.24000E+0	2.71400E-1	1.04580E+0
-2.23000E+0	2.71600E-1	1.01630E+0
-2.22000E+0	2.72000E-1	1.03470E+0
-2.21000E+0	2.72500E-1	1.02230E+0
-2.20000E+0	2.72300E-1	9.77500E-1
-2.19000E+0	2.72500E-1	9.70900E-1
-2.18000E+0	2.72500E-1	9.93200E-1
-2.17000E+0	2.72400E-1	9.76200E-1
-2.16000E+0	2.71600E-1	9.70900E-1
-2.15000E+0	2.71000E-1	9.68000E-1
-2.14000E+0	2.71800E-1	9.04400E-1
-2.13000E+0	2.71500E-1	8.87100E-1
-2.12000E+0	2.71700E-1	8.85800E-1
-2.11000E+0	2.72000E-1	8.90500E-1
-2.10000E+0	2.71700E-1	9.08100E-1
-2.09000E+0	2.71600E-1	9.13100E-1
-2.08000E+0	2.71400E-1	9.29300E-1
-2.07000E+0	2.71600E-1	9.15600E-1
-2.06000E+0	2.71600E-1	8.88200E-1
-2.05000E+0	2.71900E-1	8.77700E-1
-2.04000E+0	2.72700E-1	8.54000E-1
-2.03000E+0	2.71900E-1	8.49600E-1
-2.02000E+0	2.71800E-1	8.82200E-1
-2.01000E+0	2.71300E-1	8.61700E-1
-2.00000E+0	2.71600E-1	8.08700E-1
-1.99000E+0	2.71200E-1	8.37900E-1
-1.98000E+0	2.71500E-1	8.31900E-1
-1.97000E+0	2.71100E-1	8.03800E-1
-1.96000E+0	2.71600E-1	7.88800E-1
-1.95000E+0	2.71800E-1	7.72900E-1
-1.94000E+0	2.71500E-1	7.94100E-1
-1.93000E+0	2.70800E-1	7.98400E-1
-1.92000E+0	2.71200E-1	8.11300E-1
-1.91000E+0	2.71200E-1	7.96000E-1
-1.90000E+0	2.70300E-1	8.40000E-1
-1.89000E+0	2.70800E-1	8.21500E-1
-1.88000E+0	2.71200E-1	7.97300E-1
-1.87000E+0	2.71300E-1	7.37800E-1
-1.86000E+0	2.71800E-1	7.45200E-1
-1.85000E+0	2.71000E-1	7.40400E-1
-1.84000E+0	2.71200E-1	7.13300E-1
-1.83000E+0	2.71400E-1	7.16400E-1
-1.82000E+0	2.70900E-1	7.22300E-1
-1.81000E+0	2.70800E-1	7.34200E-1
-1.80000E+0	2.70300E-1	7.12300E-1
-1.79000E+0	2.70300E-1	7.29800E-1
-1.78000E+0	2.71600E-1	7.04200E-1
-1.77000E+0	2.71000E-1	7.22600E-1
-1.76000E+0	2.70700E-1	7.24400E-1
-1.75000E+0	2.71400E-1	7.13200E-1
-1.74000E+0	2.70700E-1	7.13900E-1
-1.73000E+0	2.70800E-1	6.94200E-1
-1.72000E+0	2.71100E-1	6.63900E-1
-1.71000E+0	2.71200E-1	6.51400E-1
-1.70000E+0	2.71600E-1	6.47000E-1
-1.69000E+0	2.71500E-1	6.42200E-1
-1.68000E+0	2.71600E-1	6.35100E-1
-1.67000E+0	2.71600E-1	6.09100E-1
-1.66000E+0	2.71600E-1	6.05300E-1
-1.65000E+0	2.71800E-1	6.15700E-1
-1.64000E+0	2.71300E-1	6.00000E-1
-1.63000E+0	2.71000E-1	6.25200E-1
-1.62000E+0	2.71400E-1	5.98700E-1
-1.61000E+0	2.71400E-1	6.04100E-1
-1.60000E+0	2.70900E-1	5.98300E-1
-1.59000E+0	2.70300E-1	6.12600E-1
-1.58000E+0	2.71400E-1	5.81800E-1
-1.57000E+0	2.71200E-1	5.86900E-1
-1.56000E+0	2.70900E-1	5.65200E-1
-1.55000E+0	2.71500E-1	5.63600E-1
-1.54000E+0	2.71100E-1	5.62700E-1
-1.53000E+0	2.71400E-1	5.52300E-1
-1.52000E+0	2.71000E-1	5.51800E-1
-1.51000E+0	2.70800E-1	5.59000E-1
-1.50000E+0	2.71200E-1	5.33700E-1
-1.49000E+0	2.71400E-1	5.22600E-1
-1.48000E+0	2.71300E-1	5.08700E-1
-1.47000E+0	2.71300E-1	4.98700E-1
-1.46000E+0	2.71300E-1	5.21000E-1
-1.45000E+0	2.72000E-1	4.96300E-1
-1.44000E+0	2.71600E-1	4.91300E-1
-1.43000E+0	2.71000E-1	5.01900E-1
-1.42000E+0	2.71100E-1	4.91300E-1
-1.41000E+0	2.71400E-1	4.75000E-1
-1.40000E+0	2.70900E-1	4.88300E-1
-1.39000E+0	2.71600E-1	4.65400E-1
-1.38000E+0	2.71800E-1	4.50100E-1
-1.37000E+0	2.71400E-1	4.48700E-1
-1.36000E+0	2.70900E-1	4.53800E-1
-1.35000E+0	2.71700E-1	4.54400E-1
-1.34000E+0	2.71700E-1	4.46400E-1
-1.33000E+0	2.71200E-1	4.41800E-1
-1.32000E+0	2.72000E-1	4.27600E-1
-1.31000E+0	2.71300E-1	4.36700E-1
-1.30000E+0	2.71400E-1	4.36700E-1
-1.29000E+0	2.71200E-1	4.32000E-1
-1.28000E+0	2.71500E-1	4.27400E-1
-1.27000E+0	2.71400E-1	4.19200E-1
-1.26000E+0	2.71000E-1	4.25500E-1
-1.25000E+0	2.70200E-1	4.29100E-1
-1.24000E+0	2.70600E-1	4.28300E-1
-1.23000E+0	2.70300E-1	4.37900E-1
-1.22000E+0	2.70100E-1	4.31900E-1
-1.21000E+0	2.69900E-1	4.39800E-1
-1.20000E+0	2.69700E-1	4.62500E-1
-1.19000E+0	2.70200E-1	4.84000E-1
-1.18000E+0	2.69300E-1	4.56700E-1
-1.17000E+0	2.70100E-1	4.28100E-1
-1.16000E+0	2.70000E-1	4.05500E-1
-1.15000E+0	2.69800E-1	4.20700E-1
-1.14000E+0	2.70100E-1	4.15400E-1
-1.13000E+0	2.69300E-1	4.15000E-1
-1.12000E+0	2.69100E-1	4.05900E-1
-1.11000E+0	2.69100E-1	4.12700E-1
-1.10000E+0	2.69700E-1	3.92300E-1
-1.09000E+0	2.69600E-1	3.88900E-1
-1.08000E+0	2.70700E-1	3.43100E-1
-1.07000E+0	2.69800E-1	3.87900E-1
-1.06000E+0	2.70100E-1	3.74900E-1
-1.05000E+0	2.64200E-1	7.16400E-1
-1.04000E+0	2.69000E-1	4.69900E-1
-1.03000E+0	2.71000E-1	3.70300E-1
-1.02000E+0	2.71000E-1	3.78900E-1
-1.01000E+0	2.70800E-1	3.66300E-1
-1.00000E+0	2.71100E-1	3.46800E-1
-9.90000E-1	2.72200E-1	3.25500E-1
-9.80000E-1	2.71800E-1	3.04300E-1
-9.70000E-1	2.71700E-1	2.93500E-1
-9.60000E-1	2.71700E-1	3.01200E-1
-9.50000E-1	2.71500E-1	2.94000E-1
-9.40000E-1	2.71000E-1	2.91300E-1
-9.30000E-1	2.70900E-1	3.05600E-1
-9.20000E-1	2.71500E-1	3.11500E-1
-9.10000E-1	2.71700E-1	2.66800E-1
-9.00000E-1	2.70600E-1	2.87900E-1
-8.90000E-1	2.69500E-1	3.40100E-1
-8.80000E-1	2.68500E-1	3.88600E-1
-8.70000E-1	2.70600E-1	3.27300E-1
-8.60000E-1	2.72100E-1	2.80800E-1
-8.50000E-1	2.71000E-1	2.92300E-1
-8.40000E-1	2.70500E-1	3.14600E-1
-8.30000E-1	2.69300E-1	3.42600E-1
-8.20000E-1	2.70100E-1	3.33100E-1
-8.10000E-1	2.69800E-1	3.39300E-1
-8.00000E-1	2.68500E-1	3.66600E-1
-7.90000E-1	2.69200E-1	3.64100E-1
-7.80000E-1	2.68300E-1	3.89000E-1
-7.70000E-1	2.68300E-1	3.65100E-1
-7.60000E-1	2.69400E-1	3.47100E-1
-7.50000E-1	2.69400E-1	3.56200E-1
-7.40000E-1	2.69000E-1	3.55700E-1
-7.30000E-1	2.70000E-1	3.25700E-1
-7.20000E-1	2.69300E-1	3.26500E-1
-7.10000E-1	2.69700E-1	3.37800E-1
-7.00000E-1	2.69900E-1	3.20800E-1
-6.90000E-1	2.70700E-1	2.93900E-1
-6.80000E-1	2.70900E-1	2.82500E-1
-6.70000E-1	2.70800E-1	2.79500E-1
-6.60000E-1	2.71400E-1	2.64300E-1
-6.50000E-1	2.70700E-1	2.75900E-1
-6.40000E-1	2.71300E-1	2.52200E-1
-6.30000E-1	2.71100E-1	2.48900E-1
-6.20000E-1	2.71700E-1	2.28200E-1
-6.10000E-1	2.72700E-1	2.09600E-1
-6.00000E-1	2.73500E-1	1.92800E-1
-5.90000E-1	2.73200E-1	1.84200E-1
-5.80000E-1	2.72700E-1	1.85500E-1
-5.70000E-1	2.72300E-1	1.95200E-1
-5.60000E-1	2.72900E-1	1.82200E-1
-5.50000E-1	2.72900E-1	1.72800E-1
-5.40000E-1	2.72800E-1	1.66200E-1
-5.30000E-1	2.72700E-1	1.68500E-1
-5.20000E-1	2.72500E-1	1.67500E-1
-5.10000E-1	2.73000E-1	1.64900E-1
-5.00000E-1	2.73100E-1	1.57800E-1
-4.90000E-1	2.72100E-1	1.66200E-1
-4.80000E-1	2.72000E-1	1.69700E-1
-4.70000E-1	2.72400E-1	1.66500E-1
-4.60000E-1	2.72100E-1	1.63700E-1
-4.50000E-1	2.71400E-1	1.71300E-1
-4.40000E-1	2.71000E-1	1.98600E-1
-4.30000E-1	2.70800E-1	2.02500E-1
-4.20000E-1	2.71000E-1	1.94200E-1
-4.10000E-1	2.70400E-1	2.08900E-1
-4.00000E-1	2.69900E-1	2.42100E-1
-3.90000E-1	2.68600E-1	3.10000E-1
-3.80000E-1	2.68800E-1	3.17400E-1
-3.70000E-1	2.69300E-1	2.75000E-1
-3.60000E-1	2.69200E-1	2.58400E-1
-3.50000E-1	2.69600E-1	2.42000E-1
-3.40000E-1	2.70000E-1	2.40500E-1
-3.30000E-1	2.68300E-1	3.12300E-1
-3.20000E-1	2.66300E-1	4.93000E-1
-3.10000E-1	2.66700E-1	4.27600E-1
-3.00000E-1	2.66300E-1	4.69300E-1
-2.90000E-1	2.64000E-1	6.92400E-1
-2.80000E-1	2.63500E-1	6.91500E-1
-2.70000E-1	2.62000E-1	9.02500E-1
-2.60000E-1	2.64400E-1	6.68900E-1
-2.50000E-1	2.63600E-1	7.31700E-1
-2.40000E-1	2.60800E-1	1.14350E+0
-2.30000E-1	2.60700E-1	1.14060E+0
-2.20000E-1	2.63800E-1	6.91400E-1
-2.10000E-1	2.60200E-1	1.23970E+0
-2.00000E-1	2.59900E-1	1.80520E+0
-1.90000E-1	2.60300E-1	1.23740E+0
-1.80000E-1	2.60200E-1	1.57210E+0
-1.70000E-1	2.64500E-1	6.58900E-1
-1.60000E-1	2.64400E-1	6.48400E-1
-1.50000E-1	2.62400E-1	8.27600E-1
-1.40000E-1	2.60900E-1	1.22390E+0
-1.30000E-1	2.59900E-1	1.46200E+0
-1.20000E-1	2.59300E-1	1.45980E+0
-1.10000E-1	2.59000E-1	1.69730E+0
-1.00000E-1	2.59600E-1	1.85130E+0
-9.00000E-2	2.60300E-1	1.17610E+0
-8.00000E-2	2.60300E-1	1.20590E+0
-7.00000E-2	2.59700E-1	1.31170E+0
-6.00000E-2	2.59600E-1	1.40900E+0
-5.00000E-2	2.60600E-1	1.05700E+0
-4.00000E-2	2.60900E-1	1.11340E+0
-3.00000E-2	2.62600E-1	8.22100E-1
-2.00000E-2	2.61300E-1	1.01820E+0
-1.00000E-2	2.62800E-1	8.02400E-1
0.00000E+0	2.60300E-1	1.18570E+0
1.00000E-2	2.59300E-1	1.87060E+0
2.00000E-2	2.59300E-1	1.26570E+0
3.00000E-2	2.61400E-1	9.71100E-1
4.00000E-2	2.60800E-1	1.05010E+0
5.00000E-2	2.58800E-1	1.40700E+0
6.00000E-2	2.58200E-1	1.70360E+0
7.00000E-2	2.61400E-1	9.32400E-1
8.00000E-2	2.60500E-1	1.08860E+0
9.00000E-2	2.63000E-1	7.93800E-1
1.00000E-1	2.68200E-1	2.61700E-1
1.10000E-1	2.69100E-1	2.39800E-1
1.20000E-1	2.65600E-1	5.16800E-1
1.30000E-1	2.63500E-1	6.89000E-1
1.40000E-1	2.64500E-1	6.01700E-1
1.50000E-1	2.64700E-1	5.66000E-1
1.60000E-1	2.60200E-1	1.13490E+0
1.70000E-1	2.58100E-1	1.63480E+0
1.80000E-1	2.61500E-1	9.19400E-1
1.90000E-1	2.62400E-1	7.52600E-1
2.00000E-1	2.60200E-1	1.04330E+0
2.10000E-1	2.59900E-1	1.14240E+0
2.20000E-1	2.62900E-1	7.48200E-1
2.30000E-1	2.61800E-1	8.01900E-1
2.40000E-1	2.63000E-1	6.94700E-1
2.50000E-1	2.64300E-1	6.00400E-1
2.60000E-1	2.61000E-1	9.52400E-1
2.70000E-1	2.57600E-1	1.67980E+0
2.80000E-1	2.58500E-1	1.44950E+0
2.90000E-1	2.58600E-1	1.50380E+0
3.00000E-1	2.60700E-1	9.75200E-1
3.10000E-1	2.66600E-1	4.22200E-1
3.20000E-1	2.69400E-1	4.25000E-2
3.30000E-1	2.68900E-1	4.63000E-2
3.40000E-1	2.69300E-1	5.28000E-2
3.50000E-1	2.69100E-1	5.88000E-2
3.60000E-1	2.69100E-1	6.74000E-2
3.70000E-1	2.69500E-1	7.49000E-2
3.80000E-1	2.69100E-1	1.33300E-1
3.90000E-1	2.66400E-1	3.38400E-1
4.00000E-1	2.67800E-1	1.57500E-1
4.10000E-1	2.68700E-1	1.04200E-1
4.20000E-1	2.68700E-1	8.73000E-2
4.30000E-1	2.68500E-1	8.47000E-2
4.40000E-1	2.69000E-1	8.98000E-2
4.50000E-1	2.68400E-1	1.03400E-1
4.60000E-1	2.67900E-1	1.09700E-1
4.70000E-1	2.68000E-1	1.12400E-1
4.80000E-1	2.67900E-1	1.05200E-1
4.90000E-1	2.67700E-1	9.95000E-2
5.00000E-1	2.68200E-1	1.08900E-1
5.10000E-1	2.67100E-1	1.04100E-1
5.20000E-1	2.67500E-1	1.06200E-1
5.30000E-1	2.67000E-1	1.08900E-1
5.40000E-1	2.67000E-1	1.00500E-1
5.50000E-1	2.66600E-1	1.09500E-1
5.60000E-1	2.66800E-1	1.25200E-1
5.70000E-1	2.66100E-1	1.32900E-1
5.80000E-1	2.66500E-1	1.52300E-1
5.90000E-1	2.66100E-1	1.48700E-1
6.00000E-1	2.65800E-1	1.34500E-1
6.10000E-1	2.66100E-1	1.36900E-1
6.20000E-1	2.65600E-1	1.51100E-1
6.30000E-1	2.65800E-1	1.50900E-1
6.40000E-1	2.65200E-1	1.62200E-1
6.50000E-1	2.65300E-1	1.65700E-1
6.60000E-1	2.65500E-1	1.51100E-1
6.70000E-1	2.65200E-1	1.45200E-1
6.80000E-1	2.65100E-1	1.58800E-1
6.90000E-1	2.64900E-1	1.55300E-1
7.00000E-1	2.64600E-1	1.69500E-1
7.10000E-1	2.64900E-1	1.72600E-1
7.20000E-1	2.64600E-1	1.72900E-1
7.30000E-1	2.64700E-1	1.78900E-1
7.40000E-1	2.63900E-1	1.85000E-1
7.50000E-1	2.64100E-1	1.79800E-1
7.60000E-1	2.64200E-1	2.00000E-1
7.70000E-1	2.64400E-1	1.78900E-1
7.80000E-1	2.64300E-1	2.02100E-1
7.90000E-1	2.63700E-1	2.02800E-1
8.00000E-1	2.63600E-1	2.00300E-1
8.10000E-1	2.63800E-1	2.08700E-1
8.20000E-1	2.63600E-1	2.25300E-1
8.30000E-1	2.63200E-1	2.26800E-1
8.40000E-1	2.63300E-1	2.25000E-1
8.50000E-1	2.63000E-1	2.40600E-1
8.60000E-1	2.62900E-1	2.49900E-1
8.70000E-1	2.62400E-1	2.74500E-1
8.80000E-1	2.62300E-1	2.83900E-1
8.90000E-1	2.61600E-1	2.98000E-1
9.00000E-1	2.61600E-1	3.20700E-1
9.10000E-1	2.61000E-1	3.58300E-1
9.20000E-1	2.60500E-1	3.98600E-1
9.30000E-1	2.60500E-1	4.15900E-1
9.40000E-1	2.59800E-1	4.42200E-1
9.50000E-1	2.59700E-1	4.65600E-1
9.60000E-1	2.59700E-1	4.86300E-1
9.70000E-1	2.59000E-1	5.54100E-1
9.80000E-1	2.58400E-1	5.84500E-1
9.90000E-1	2.57500E-1	6.54600E-1
1.00000E+0	2.58500E-1	5.45800E-1
