
-5.00000E-1	9.84900E+0	5.12600E+0
-4.90000E-1	9.86900E+0	5.09800E+0
-4.80000E-1	9.90200E+0	5.07400E+0
-4.70000E-1	9.91000E+0	5.25200E+0
-4.60000E-1	9.93600E+0	5.24100E+0
-4.50000E-1	9.96000E+0	5.29700E+0
-4.40000E-1	9.97600E+0	5.35900E+0
-4.30000E-1	9.98900E+0	5.45700E+0
-4.20000E-1	9.99100E+0	5.47800E+0
-4.10000E-1	1.00050E+1	5.50400E+0
-4.00000E-1	1.00340E+1	5.57400E+0
-3.90000E-1	1.00300E+1	5.60700E+0
-3.80000E-1	1.00530E+1	5.60500E+0
-3.70000E-1	1.00800E+1	5.67700E+0
-3.60000E-1	1.00800E+1	5.73700E+0
-3.50000E-1	1.01120E+1	5.82400E+0
-3.40000E-1	1.01190E+1	5.80100E+0
-3.30000E-1	1.01430E+1	5.85800E+0
-3.20000E-1	1.01390E+1	5.96600E+0
-3.10000E-1	1.01720E+1	5.97500E+0
-3.00000E-1	1.01980E+1	6.06800E+0
-2.90000E-1	1.01950E+1	6.04100E+0
-2.80000E-1	1.02420E+1	6.15300E+0
-2.70000E-1	1.02450E+1	6.17100E+0
-2.60000E-1	1.02500E+1	6.26700E+0
-2.50000E-1	1.02840E+1	6.34600E+0
-2.40000E-1	1.02930E+1	6.40000E+0
-2.30000E-1	1.03230E+1	6.50500E+0
-2.20000E-1	1.03460E+1	6.53900E+0
-2.10000E-1	1.03690E+1	6.63800E+0
-2.00000E-1	1.03860E+1	6.68100E+0
-1.90000E-1	1.03970E+1	6.74300E+0
-1.80000E-1	1.04230E+1	6.80000E+0
-1.70000E-1	1.04710E+1	6.84000E+0
-1.60000E-1	1.04890E+1	7.05100E+0
-1.50000E-1	1.05060E+1	7.05500E+0
-1.40000E-1	1.05310E+1	7.11200E+0
-1.30000E-1	1.05790E+1	7.14800E+0
-1.20000E-1	1.05930E+1	7.31300E+0
-1.10000E-1	1.06290E+1	7.48400E+0
-1.00000E-1	1.06740E+1	7.47300E+0
-9.00000E-2	1.06980E+1	7.66700E+0
-8.00000E-2	1.07330E+1	7.76400E+0
-7.00000E-2	1.07690E+1	7.86000E+0
-6.00000E-2	1.08090E+1	7.90000E+0
-5.00000E-2	1.08640E+1	8.09200E+0
-4.00000E-2	1.09060E+1	8.17100E+0
-3.00000E-2	1.09650E+1	8.36600E+0
-2.00000E-2	1.10130E+1	8.48500E+0
-1.00000E-2	1.10840E+1	8.68400E+0
0.00000E+0	1.11370E+1	8.87400E+0
1.00000E-2	1.12150E+1	9.00400E+0
2.00000E-2	1.12840E+1	9.07900E+0
3.00000E-2	1.13620E+1	9.38800E+0
4.00000E-2	1.14660E+1	9.55000E+0
5.00000E-2	1.15670E+1	9.70200E+0
6.00000E-2	1.16760E+1	9.98400E+0
7.00000E-2	1.17890E+1	1.00670E+1
8.00000E-2	1.19060E+1	1.02910E+1
9.00000E-2	1.20320E+1	1.06440E+1
1.00000E-1	1.21600E+1	1.08010E+1
1.10000E-1	1.23370E+1	1.10570E+1
1.20000E-1	1.24710E+1	1.13260E+1
1.30000E-1	1.26610E+1	1.16180E+1
1.40000E-1	1.28140E+1	1.19850E+1
1.50000E-1	1.29960E+1	1.23180E+1
1.60000E-1	1.32230E+1	1.29390E+1
1.70000E-1	1.34060E+1	1.32730E+1
1.80000E-1	1.36120E+1	1.38140E+1
1.90000E-1	1.38540E+1	1.44040E+1
2.00000E-1	1.40760E+1	1.51890E+1
2.10000E-1	1.43540E+1	1.62840E+1
2.20000E-1	1.46000E+1	1.73290E+1
2.30000E-1	1.48900E+1	1.86760E+1
2.40000E-1	1.51840E+1	2.01200E+1
2.50000E-1	1.54580E+1	2.04490E+1
2.60000E-1	1.57410E+1	2.04700E+1
2.70000E-1	1.60570E+1	2.04700E+1
2.80000E-1	1.64030E+1	2.04700E+1
2.90000E-1	1.67170E+1	2.04700E+1
3.00000E-1	1.70630E+1	2.04700E+1
3.10000E-1	1.73960E+1	2.04700E+1
3.20000E-1	1.77270E+1	2.04700E+1
3.30000E-1	1.80680E+1	2.04700E+1
3.40000E-1	1.83990E+1	2.04700E+1
3.50000E-1	1.87260E+1	2.04700E+1
3.60000E-1	1.90840E+1	2.04700E+1
3.70000E-1	1.93920E+1	2.04700E+1
3.80000E-1	1.96910E+1	2.04700E+1
3.90000E-1	1.99720E+1	2.04700E+1
4.00000E-1	2.02100E+1	2.04700E+1
4.10000E-1	2.04420E+1	2.04700E+1
4.20000E-1	2.06330E+1	2.04700E+1
4.30000E-1	2.07440E+1	2.04700E+1
4.40000E-1	2.07880E+1	2.04700E+1
4.50000E-1	2.06970E+1	2.04700E+1
4.60000E-1	2.05260E+1	2.04700E+1
4.70000E-1	2.01850E+1	2.04700E+1
4.80000E-1	1.95720E+1	2.04700E+1
4.90000E-1	1.85360E+1	2.04700E+1
5.00000E-1	1.71370E+1	2.04700E+1
5.10000E-1	1.57460E+1	2.04700E+1
5.20000E-1	1.41880E+1	2.04700E+1
5.30000E-1	1.23470E+1	2.04700E+1
5.40000E-1	1.00750E+1	2.04700E+1
5.50000E-1	7.28300E+0	2.04700E+1
5.60000E-1	3.92300E+0	2.04700E+1
5.70000E-1	-1.19000E-1	2.04700E+1
5.80000E-1	-5.00600E+0	2.04700E+1
5.90000E-1	-5.48000E+0	2.04700E+1
6.00000E-1	-5.48000E+0	2.04700E+1
6.10000E-1	-5.48000E+0	2.04700E+1
6.20000E-1	-5.48000E+0	2.04700E+1
6.30000E-1	-5.48000E+0	2.04700E+1
6.40000E-1	-5.48000E+0	2.04700E+1
6.50000E-1	-5.48000E+0	2.04700E+1
6.60000E-1	-5.48000E+0	2.04700E+1
6.70000E-1	-5.48000E+0	2.04700E+1
6.80000E-1	-5.48000E+0	2.04700E+1
6.90000E-1	-5.48000E+0	2.04700E+1
7.00000E-1	-5.48000E+0	2.04700E+1
7.10000E-1	-5.48000E+0	2.04700E+1
7.20000E-1	-5.48000E+0	2.04700E+1
7.30000E-1	-5.48000E+0	2.04700E+1
7.40000E-1	-5.48000E+0	2.04700E+1
7.50000E-1	-5.48000E+0	2.04700E+1
