
-3.00000E+0	9.13000E+0	2.11900E+0
-2.90000E+0	9.13200E+0	2.09500E+0
-2.80000E+0	9.16100E+0	2.20600E+0
-2.70000E+0	9.18100E+0	2.22200E+0
-2.60000E+0	9.19600E+0	2.28600E+0
-2.50000E+0	9.22200E+0	2.27600E+0
-2.40000E+0	9.25600E+0	2.40000E+0
-2.30000E+0	9.26000E+0	2.47000E+0
-2.20000E+0	9.29400E+0	2.43900E+0
-2.10000E+0	9.29400E+0	2.53100E+0
-2.00000E+0	9.34200E+0	2.59000E+0
-1.90000E+0	9.33800E+0	2.63000E+0
-1.80000E+0	9.39200E+0	2.73400E+0
-1.70000E+0	9.41400E+0	2.82900E+0
-1.60000E+0	9.44600E+0	2.97200E+0
-1.50000E+0	9.48200E+0	3.01600E+0
-1.40000E+0	9.53400E+0	3.23000E+0
-1.30000E+0	9.59200E+0	3.30400E+0
-1.20000E+0	9.62900E+0	3.54300E+0
-1.10000E+0	9.67400E+0	3.62700E+0
-1.00000E+0	9.75000E+0	3.77100E+0
-9.00000E-1	9.79800E+0	3.99200E+0
-8.00000E-1	9.86000E+0	4.20500E+0
-7.00000E-1	9.94700E+0	4.35700E+0
-6.00000E-1	1.00550E+1	4.76900E+0
-5.00000E-1	1.01800E+1	5.00100E+0
-4.00000E-1	1.03190E+1	5.45400E+0
-3.00000E-1	1.04870E+1	5.95700E+0
-2.00000E-1	1.07020E+1	6.62700E+0
-1.00000E-1	1.09800E+1	7.36800E+0
0.00000E+0	1.15280E+1	8.64100E+0
1.00000E-1	1.25480E+1	1.05330E+1
2.00000E-1	1.44860E+1	1.44510E+1
3.00000E-1	1.74470E+1	2.04700E+1
4.00000E-1	2.04900E+1	2.04700E+1
5.00000E-1	1.71860E+1	2.04700E+1
6.00000E-1	-5.48000E+0	2.04700E+1
7.00000E-1	-5.48000E+0	2.04700E+1
8.00000E-1	-5.48000E+0	2.04700E+1
9.00000E-1	-5.48000E+0	2.04700E+1
1.00000E+0	-5.48000E+0	2.04700E+1
